2013-11-30	1131.99	1163	1080	1119.52	
2013-12-01	1119.52	1123.11	795.6	955
2013-12-02	955	1057	925.16	1047.47
2013-12-03	1037.11	1088	1000	1055
2013-12-04	1055	1153.27	1052.1	1132.01	
2013-12-05	1135	1138.58	848.42	1023.87	
2013-12-06	1020.51	1033.13	796.73	814.91
2013-12-07	809.72	844	542.38	693.3
2013-12-08	693.3	797	651	787
2013-12-09	787	899.99	766.66	899.9
2013-12-10	899.91	989.6	895.01	979.23
2013-12-11	979.07	988	804	879.04	
2013-12-12	879.04	898.9	832.01	871.22
2013-12-13	871.22	920.42	850	885.98
2013-12-14	888.47	895	841.01	850.78
2013-12-15	850.78	869.98	803.51	862
2013-12-16	861.98	864	651.34	691
2013-12-17	690.5	750	612.51	673.62
2013-12-18	675	680.7	382.21	520
2013-12-19	520	700	492.91	685
2013-12-20	685.1	719.97	570	610
2013-12-21	610	648.88	550	595.03
2013-12-22	595.07	690	575.61	612.66
2013-12-23	612.66	665	607.77	654.76
2013-12-24	654.76	668.8	628.11	652.99
2013-12-25	653.57	681.24	636.99	679.01
2013-12-26	679.01	764.32	677.57	747
2013-12-27	747.83	762.1	702.26	721.08
2013-12-28	723.98	736.01	682.22	715
2013-12-29	715	732	703.45	728
2013-12-30	728.01	740	722.81	736.51
2013-12-31	736.51	739	709	732
